4294967294,0
4294967294,416
4294967294,52
4294967294,92
4294967294,88
4294967294,75
4294967294,1415
4294967294,169
4294967294,183
4294967294,174
4294967294,173
4294967294,18
4294967294,127
4294967294,14
4294967294,126
4294967294,20
4294967294,13
4294967294,104
4294967294,106
4294967294,166
4294967294,24
4294967294,160
4294967294,168
4294967294,1414
4294967294,17
4294967294,99
4294967294,41
4294967294,450
4294967294,419
4294967294,421
4294967294,5
4294967279,150
91,2
91,5
91,7
91,4
93,8
93,6
93,5
4294967294,50
4294967294,43
4294967294,51
4294967294,482
4294967294,25
4294967294,26
4294967294,93
4294967294,95
4294967294,30
4294967294,944
4294967294,943
4294967294,941
4294967294,940
4294967294,935
4294967294,924
4294967294,896
4294967294,831
4294967294,830
4294967294,829
4294967294,828
4294967294,60
4294967294,12
4294967294,67
4294967294,81
4294967294,971
4294967294,82
4294967294,83
4294967294,68
4294967294,11
92,4
7,4
9,4
8,4
0,5
93,4
4294967294,7
4294967294,6
4294967294,22
4294967278,132
4294967278,131
4294967278,130
4294967278,129
4294967278,128
4294967278,127
4294967278,126
4294967278,125
4294967278,124
4294967278,123
4294967278,122
4294967278,121
4294967278,120
4294967278,119
4294967278,118
4294967278,117
4294967278,116
4294967278,115
4294967278,114
4294967278,113
4294967278,112
4294967278,111
4294967278,110
4294967278,109
4294967278,108
4294967278,107
4294967278,106
4294967278,105
4294967278,104
4294967278,103
4294967278,102
4294967278,101
4294967278,100
4294967278,99
4294967278,98
4294967278,97
4294967278,96
4294967278,95
4294967278,94
4294967278,93
4294967278,92
4294967278,91
4294967278,90
4294967278,89
4294967278,87
4294967278,86
4294967278,85
4294967278,84
4294967278,83
4294967278,82
4294967278,81
4294967278,80
4294967278,79
4294967278,78
4294967278,77
4294967278,76
4294967278,75
4294967278,74
4294967278,73
4294967278,72
4294967278,71
4294967278,70
4294967278,69
4294967278,68
4294967278,67
4294967278,66
4294967278,65
4294967278,64
4294967278,63
4294967279,87
4294967279,86
4294967279,81
4294967279,79
4294967279,78
4294967279,76
4294967279,71
4294967279,66
4294967279,65
4294967279,62
4294967279,59
4294967279,58
4294967279,57
4294967279,53
4294967279,46
4294967279,45
4294967279,43
4294967279,39
4294967279,38
4294967279,35
4294967279,33
4294967279,32
4294967279,335
4294967279,290
4294967279,363
4294967279,25
4294967279,24
4294967279,22
4294967279,0
4294967279,260
4294967279,20
4294967279,19
4294967279,18
4294967279,16
4294967279,14
4294967279,12
4294967279,11
4294967279,9
4294967279,8
4294967279,7
4294967279,6
4294967279,5
4294967279,4
4294967294,1419
95,6
4294967279,298
95,5
95,4
95,3
95,2
95,1
4294967294,1421
4294967294,1420
4294967294,974
4294967278,342
4294967293,131
4294967293,130
4294967293,129
4294967293,128
4294967293,127
4294967293,126
4294967293,125
4294967293,124
4294967293,123
4294967293,122
4294967293,121
4294967293,120
4294967293,119
4294967293,118
4294967293,117
4294967293,116
4294967293,115
4294967293,114
4294967293,113
4294967293,112
4294967293,111
4294967293,110
4294967293,109
4294967293,108
4294967293,107
4294967293,106
4294967293,105
4294967293,104
4294967293,103
4294967293,102
4294967293,101
4294967293,100
4294967293,99
4294967293,98
4294967293,97
4294967293,96
4294967293,95
4294967293,94
4294967293,93
4294967293,92
4294967293,91
4294967293,90
4294967293,89
4294967293,88
4294967293,87
4294967293,86
4294967293,85
4294967293,84
4294967293,83
4294967293,82
4294967293,81
4294967293,80
4294967293,79
4294967293,78
4294967293,77
4294967293,76
4294967293,75
4294967293,74
4294967293,73
4294967293,72
4294967293,71
4294967293,70
4294967293,69
4294967293,68
4294967293,67
4294967293,66
4294967293,65
4294967293,64
4294967293,63
4294967293,62
4294967293,61
4294967293,60
4294967293,59
4294967293,58
4294967293,57
4294967293,56
4294967293,55
4294967293,54
4294967293,53
4294967293,52
4294967293,51
4294967293,50
4294967293,49
4294967293,48
4294967293,47
4294967293,46
4294967293,45
4294967293,44
4294967293,43
4294967293,42
4294967293,41
4294967293,40
4294967293,39
4294967293,38
4294967293,37
4294967293,36
4294967293,35
4294967293,34
4294967293,33
4294967293,32
4294967293,31
4294967293,30
4294967293,29
4294967293,28
4294967293,27
4294967293,26
4294967293,25
4294967293,24
4294967293,23
